I, 1023680, 5, 1274346473, 22737533, 817121741, -1246813497, -1214002668
I, 231051, 5, 1253747834, 171770698, -1062995867, -981263544, 118307354
I, 874121, 6, 1517091883, -15106166, 53547251, -1991250322, 1394337927, -958553919
I, 12752, 5, -5770555, 516049953, -1892485723, 633422387, 2054249789
I, 1052746, 3, 2143050563, -1997509715, 2131779358
I, 910331, 4, 2078298731, 499218936, 252311226, -305776781
R, 874121
E, 1023680
I, 818696, 5, 1722100623, 1073874901, 2118186490, 1485081732, -1869476059
RR, 910331, -305776781
RR, 1023680, 34251661
I, 71368, 3, -1102278979, 833161103, -304490057
R, 345516771
R, 19108
I, 1021334, 5, 12743464, 737533, 7121741, -12413497, -121002668
I, 9032331, 4, 8298731, 4998936, 25311226, -3057761
I, 9146771, 4, 8298731, 4991896, 25226, -577645781
R, 1052746
I, 102314, 5, 1274343, 7373, 81717612, -12481397, -1240068
I, 2310511, 5, 53747197, 171770677, -1062795861, -981264551, 118307453
I, 178120, 6, 1517091737, -15106661, 73747251, -191250322, 13937927, -958553818
I, 752121, 5, -5770666, 516045399, -1892485237, 633422767, 2054509789
I, 1052746, 3, 2143050563, -1997509715, 2131779358
I, 910442, 4, 20782871, 49923698, 252316221, -30577241
R, 9147771
E, 102314
I, 818697, 5, 172210623, 1073764901, 822118690, 1485081733, -1869476050
RR, 910422, -305776781
RR, 178120, -958553818
I, 71638, 3, -1102271279, 833162108, -304411057
R, 910442
R, 191021
I, 11334, 5, 127434, 738533, 7129741, -12413597, -121002878
I, 9033212, 4, 8298931, 4998936, 25329926, -5057761
I, 9147199, 4, 829777, 4991861, 2521116, -5790871
R, 11334
