364254, 5, 366974692, 1505212605, 1671709255, -1296125023, 1429023824, 
855550, 5, 1539347806, 363839785, -2134769494, -278707857, 550110473, 
937982, 4, 385710300, -1958119081, 1131607501, 673658053, 
102212, 5, 153642342, -1787165506, -38474925, 417000688, 1220178351, 
1159678, 4, -1307307146, 632088940, 244615964, 1087962023, 
1712551, 6, 578429485, 1701210873, 597220344, 1368418476, -1856156043, -1297533916, 
1062070, 4, 1875420421, -565141656, 1655901961, -1899471853, 
71510, 5, 1664863146, -873878357, -1924798427, 2078804424, 848054320, 
556629, 4, -587917715, -1245955131, -1779335506, 584763340, 
467505, 6, 1668642200, -1384403432, -1099454477, 662450708, 1380234890, 528227359, 
26981, 5, 1928488855, -2138801976, -618205671, 583965338, -1361174446, 
131610, 4, 918923975, -1682425216, -1288114275, 123108687, 
1919406, 5, 1188205004, -1286082589, -246551690, -1743011769, -490605914, 
684029, 5, 1641201214, -773129374, -312344624, -3446235, 618846865, 
1806073, 4, -1307564142, 1689304656, -1773180132, -262842070, 
610694, 4, -337513409, 659810195, 1140862436, 1836223785, 
1590186, 6, 28275981, 1786183887, 1840286494, -2097322127, 664014714, -172213854, 
392997, 5, 1143456020, -1379334891, 391196626, 1040001913, -656456851, 
537451, 4, -55241752, -50555975, 435889024, -184447589, 
1697024, 4, -1308761702, 984266667, 437579385, 966574892, 
1398534, 5, 878987512, 547164333, 1278858510, -154247724, 1108562013, 
35457, 4, -1530510163, 1683492026, 2100791173, -1712342260, 
1483120, 6, 1580579540, -1216733098, -716011219, 1042015804, 158516432, 1674701746, 
668637, 5, 1276001920, 1387335565, -1038987724, -181676618, -1454089732, 
1712981, 6, 2025909880, 170786535, -211435193, 249538231, -988770638, 1087875900, 
300897, 6, -2134332916, 1662983246, 1088392627, -401571247, -310702446, -1830550519, 
1380760, 6, 2114821578, -711438723, -818747340, -1078977088, -1798536441, 1279310749, 
705040, 6, 1194916607, -1371614909, 1464734176, 558236517, 876904603, -700880522, 
946290, 4, -195988722, 2047434991, 536452097, 709663688, 